epoch	train_loss	eval_loss	time_sec
1	2.763474	4.321380	15.65
2	2.618021	4.361882	17.09
3	2.576416	4.362402	17.19
4	2.552691	4.336902	17.26
5	2.537529	4.342607	17.07
6	2.526417	4.362084	12.85
7	2.517691	4.400387	16.39
8	2.510774	4.410956	14.11
9	2.504945	4.406400	15.69
10	2.500462	4.402201	17.14
11	2.496288	4.426948	16.70
12	2.492623	4.476387	16.88
13	2.489343	4.426306	14.56
14	2.486902	4.432477	15.77
15	2.484113	4.476011	15.38
16	2.482178	4.545415	15.57
17	2.479905	4.457363	17.06
18	2.478387	4.507548	17.29
19	2.476717	4.454051	16.96
20	2.475010	4.512143	13.75
